no token: 60
								TK_ASSIGNOP,		TK_COMMENT,		TK_FIELDID,		TK_ID,		TK_NUM,		TK_RNUM,		TK_FUNID,		TK_RUID,		TK_WITH,		TK_PARAMETERS,		TK_END,		TK_WHILE,		TK_UNION,		TK_ENDUNION,		TK_DEFINETYPE,		TK_AS,		TK_TYPE,		TK_MAIN,		TK_GLOBAL,		TK_PARAMETER,		TK_LIST,		TK_SQL,		TK_SQR,		TK_INPUT,		TK_OUTPUT,		TK_INT,		TK_REAL,		TK_COMMA,		TK_SEM,		TK_COLON,		TK_DOT,		TK_ENDWHILE,		TK_OP,		TK_CL,		TK_IF,		TK_THEN,		TK_ENDIF,		TK_READ,		TK_WRITE,		TK_RETURN,		TK_PLUS,		TK_MINUS,		TK_MUL,		TK_DIV,		TK_CALL,		TK_RECORD,		TK_ENDRECORD,		TK_ELSE,		TK_AND,		TK_OR,		TK_NOT,		TK_LT,		TK_LE,		TK_EQ,		TK_GT,		TK_GE,		TK_NE,		EPSILON,		DOLLAR,		TK_ERROR,		
program,						-1,		-1,		-1,		-1,		-1,		-1,		0,		-1,		-1,		-1,		-1,		-1,		-1,		-1,		-1,		-1,		-1,		0,		-1,		-1,		-1,		-1,		-1,		-1,		-1,		-1,		-1,		-1,		-1,		-1,		-1,		-1,		-1,		-1,		-1,		-1,		-1,		-1,		-1,		-1,		-1,		-1,		-1,		-1,		-1,		-1,		-1,		-1,		-1,		-1,		-1,		-1,		-1,		-1,		-1,		-1,		-1,		-1,		-2,		-1,		
mainFunction,						-1,		-1,		-1,		-1,		-1,		-1,		-1,		-1,		-1,		-1,		-1,		-1,		-1,		-1,		-1,		-1,		-1,		1,		-1,		-1,		-1,		-1,		-1,		-1,		-1,		-1,		-1,		-1,		-1,		-1,		-1,		-1,		-1,		-1,		-1,		-1,		-1,		-1,		-1,		-1,		-1,		-1,		-1,		-1,		-1,		-1,		-1,		-1,		-1,		-1,		-1,		-1,		-1,		-1,		-1,		-1,		-1,		-1,		-2,		-1,		
otherFunctions,						-1,		-1,		-1,		-1,		-1,		-1,		2,		-1,		-1,		-1,		-1,		-1,		-1,		-1,		-1,		-1,		-1,		-1,		-1,		-1,		-1,		-1,		-1,		-1,		-1,		-1,		-1,		-1,		-1,		-1,		-1,		-1,		-1,		-1,		-1,		-1,		-1,		-1,		-1,		-1,		-1,		-1,		-1,		-1,		-1,		-1,		-1,		-1,		-1,		-1,		-1,		-1,		-1,		-1,		-1,		-1,		-1,		-1,		-1,		-1,		
function,						-1,		-1,		-1,		-1,		-1,		-1,		4,		-1,		-1,		-1,		-1,		-1,		-1,		-1,		-1,		-1,		-1,		-2,		-1,		-1,		-1,		-1,		-1,		-1,		-1,		-1,		-1,		-1,		-1,		-1,		-1,		-1,		-1,		-1,		-1,		-1,		-1,		-1,		-1,		-1,		-1,		-1,		-1,		-1,		-1,		-1,		-1,		-1,		-1,		-1,		-1,		-1,		-1,		-1,		-1,		-1,		-1,		-1,		-1,		-1,		
input_par,						-1,		-1,		-1,		-1,		-1,		-1,		-1,		-1,		-1,		-1,		-1,		-1,		-1,		-1,		-1,		-1,		-1,		-1,		-1,		-1,		-1,		-1,		-1,		5,		-2,		-1,		-1,		-1,		-2,		-1,		-1,		-1,		-1,		-1,		-1,		-1,		-1,		-1,		-1,		-1,		-1,		-1,		-1,		-1,		-1,		-1,		-1,		-1,		-1,		-1,		-1,		-1,		-1,		-1,		-1,		-1,		-1,		-1,		-1,		-1,		
output_par,						-1,		-1,		-1,		-1,		-1,		-1,		-1,		-1,		-1,		-1,		-1,		-1,		-1,		-1,		-1,		-1,		-1,		-1,		-1,		-1,		-1,		-1,		-1,		-1,		6,		-1,		-1,		-1,		-1,		-1,		-1,		-1,		-1,		-1,		-1,		-1,		-1,		-1,		-1,		-1,		-1,		-1,		-1,		-1,		-1,		-1,		-1,		-1,		-1,		-1,		-1,		-1,		-1,		-1,		-1,		-1,		-1,		-1,		-1,		-1,		
parameter_list,						-1,		-1,		-1,		-1,		-1,		-1,		-1,		8,		-1,		-1,		-1,		-1,		8,		-1,		-1,		-1,		-1,		-1,		-1,		-1,		-1,		-1,		-2,		-1,		-1,		8,		8,		-1,		-1,		-1,		-1,		-1,		-1,		-1,		-1,		-1,		-1,		-1,		-1,		-1,		-1,		-1,		-1,		-1,		-1,		8,		-1,		-1,		-1,		-1,		-1,		-1,		-1,		-1,		-1,		-1,		-1,		-1,		-1,		-1,		
dataType,						-1,		-1,		-1,		-2,		-1,		-1,		-1,		10,		-1,		-1,		-1,		-1,		10,		-1,		-1,		-1,		-1,		-1,		-1,		-1,		-1,		-1,		-1,		-1,		-1,		9,		9,		-1,		-1,		-2,		-1,		-1,		-1,		-1,		-1,		-1,		-1,		-1,		-1,		-1,		-1,		-1,		-1,		-1,		-1,		10,		-1,		-1,		-1,		-1,		-1,		-1,		-1,		-1,		-1,		-1,		-1,		-1,		-1,		-1,		
primitiveDatatype,						-1,		-1,		-1,		-2,		-1,		-1,		-1,		-1,		-1,		-1,		-1,		-1,		-1,		-1,		-1,		-1,		-1,		-1,		-1,		-1,		-1,		-1,		-1,		-1,		-1,		11,		12,		-1,		-1,		-2,		-1,		-1,		-1,		-1,		-1,		-1,		-1,		-1,		-1,		-1,		-1,		-1,		-1,		-1,		-1,		-1,		-1,		-1,		-1,		-1,		-1,		-1,		-1,		-1,		-1,		-1,		-1,		-1,		-1,		-1,		
constructedDatatype,						-1,		-1,		-1,		-2,		-1,		-1,		-1,		15,		-1,		-1,		-1,		-1,		14,		-1,		-1,		-1,		-1,		-1,		-1,		-1,		-1,		-1,		-1,		-1,		-1,		-1,		-1,		-1,		-1,		-2,		-1,		-1,		-1,		-1,		-1,		-1,		-1,		-1,		-1,		-1,		-1,		-1,		-1,		-1,		-1,		13,		-1,		-1,		-1,		-1,		-1,		-1,		-1,		-1,		-1,		-1,		-1,		-1,		-1,		-1,		
remaining_list,						-1,		-1,		-1,		-1,		-1,		-1,		-1,		-1,		-1,		-1,		-1,		-1,		-1,		-1,		-1,		-1,		-1,		-1,		-1,		-1,		-1,		-1,		-1,		-1,		-1,		-1,		-1,		16,		-1,		-1,		-1,		-1,		-1,		-1,		-1,		-1,		-1,		-1,		-1,		-1,		-1,		-1,		-1,		-1,		-1,		-1,		-1,		-1,		-1,		-1,		-1,		-1,		-1,		-1,		-1,		-1,		-1,		-1,		-1,		-1,		
stmts,						-1,		-1,		-1,		18,		-1,		-1,		-1,		-1,		-1,		-1,		-2,		18,		18,		-1,		18,		-1,		18,		-1,		-1,		-1,		-1,		18,		-1,		-1,		-1,		-1,		-1,		-1,		-1,		-1,		-1,		-1,		-1,		-1,		18,		-1,		-1,		18,		18,		18,		-1,		-1,		-1,		-1,		18,		18,		-1,		-1,		-1,		-1,		-1,		-1,		-1,		-1,		-1,		-1,		-1,		-1,		-1,		-1,		
typeDefinitions,						-1,		-1,		-1,		-1,		-1,		-1,		-1,		-1,		-1,		-1,		-1,		-1,		19,		-1,		19,		-1,		-1,		-1,		-1,		-1,		-1,		-1,		-1,		-1,		-1,		-1,		-1,		-1,		-1,		-1,		-1,		-1,		-1,		-1,		-1,		-1,		-1,		-1,		-1,		-1,		-1,		-1,		-1,		-1,		-1,		19,		-1,		-1,		-1,		-1,		-1,		-1,		-1,		-1,		-1,		-1,		-1,		-1,		-1,		-1,		
actualOrRedefined,						-1,		-1,		-1,		-2,		-1,		-1,		-1,		-1,		-1,		-1,		-1,		-2,		21,		-1,		22,		-1,		-2,		-1,		-1,		-1,		-1,		-2,		-1,		-1,		-1,		-1,		-1,		-1,		-1,		-1,		-1,		-1,		-1,		-1,		-2,		-1,		-1,		-2,		-2,		-2,		-1,		-1,		-1,		-1,		-2,		21,		-1,		-1,		-1,		-1,		-1,		-1,		-1,		-1,		-1,		-1,		-1,		-1,		-1,		-1,		
typeDefinition,						-1,		-1,		-1,		-2,		-1,		-1,		-1,		-1,		-1,		-1,		-1,		-2,		24,		-1,		-2,		-1,		-2,		-1,		-1,		-1,		-1,		-2,		-1,		-1,		-1,		-1,		-1,		-1,		-1,		-1,		-1,		-1,		-1,		-1,		-2,		-1,		-1,		-2,		-2,		-2,		-1,		-1,		-1,		-1,		-2,		23,		-1,		-1,		-1,		-1,		-1,		-1,		-1,		-1,		-1,		-1,		-1,		-1,		-1,		-1,		
fieldDefinitions,						-1,		-1,		-1,		-1,		-1,		-1,		-1,		-1,		-1,		-1,		-1,		-1,		-1,		-2,		-1,		-1,		25,		-1,		-1,		-1,		-1,		-1,		-1,		-1,		-1,		-1,		-1,		-1,		-1,		-1,		-1,		-1,		-1,		-1,		-1,		-1,		-1,		-1,		-1,		-1,		-1,		-1,		-1,		-1,		-1,		-1,		-2,		-1,		-1,		-1,		-1,		-1,		-1,		-1,		-1,		-1,		-1,		-1,		-1,		-1,		
fieldDefinition,						-1,		-1,		-1,		-1,		-1,		-1,		-1,		-1,		-1,		-1,		-1,		-1,		-1,		-2,		-1,		-1,		26,		-1,		-1,		-1,		-1,		-1,		-1,		-1,		-1,		-1,		-1,		-1,		-1,		-1,		-1,		-1,		-1,		-1,		-1,		-1,		-1,		-1,		-1,		-1,		-1,		-1,		-1,		-1,		-1,		-1,		-2,		-1,		-1,		-1,		-1,		-1,		-1,		-1,		-1,		-1,		-1,		-1,		-1,		-1,		
fieldType,						-1,		-1,		-1,		-1,		-1,		-1,		-1,		-1,		-1,		-1,		-1,		-1,		-1,		-1,		-1,		-1,		-1,		-1,		-1,		-1,		-1,		-1,		-1,		-1,		-1,		27,		27,		-1,		-1,		-2,		-1,		-1,		-1,		-1,		-1,		-1,		-1,		-1,		-1,		-1,		-1,		-1,		-1,		-1,		-1,		-1,		-1,		-1,		-1,		-1,		-1,		-1,		-1,		-1,		-1,		-1,		-1,		-1,		-1,		-1,		
moreFields,						-1,		-1,		-1,		-1,		-1,		-1,		-1,		-1,		-1,		-1,		-1,		-1,		-1,		-1,		-1,		-1,		28,		-1,		-1,		-1,		-1,		-1,		-1,		-1,		-1,		-1,		-1,		-1,		-1,		-1,		-1,		-1,		-1,		-1,		-1,		-1,		-1,		-1,		-1,		-1,		-1,		-1,		-1,		-1,		-1,		-1,		-1,		-1,		-1,		-1,		-1,		-1,		-1,		-1,		-1,		-1,		-1,		-1,		-1,		-1,		
declarations,						-1,		-1,		-1,		-1,		-1,		-1,		-1,		-1,		-1,		-1,		-1,		-1,		-1,		-1,		-1,		-1,		30,		-1,		-1,		-1,		-1,		-1,		-1,		-1,		-1,		-1,		-1,		-1,		-1,		-1,		-1,		-1,		-1,		-1,		-1,		-1,		-1,		-1,		-1,		-1,		-1,		-1,		-1,		-1,		-1,		-1,		-1,		-1,		-1,		-1,		-1,		-1,		-1,		-1,		-1,		-1,		-1,		-1,		-1,		-1,		
declaration,						-1,		-1,		-1,		-2,		-1,		-1,		-1,		-1,		-1,		-1,		-1,		-2,		-1,		-1,		-1,		-1,		32,		-1,		-1,		-1,		-1,		-2,		-1,		-1,		-1,		-1,		-1,		-1,		-1,		-1,		-1,		-1,		-1,		-1,		-2,		-1,		-1,		-2,		-2,		-2,		-1,		-1,		-1,		-1,		-2,		-1,		-1,		-1,		-1,		-1,		-1,		-1,		-1,		-1,		-1,		-1,		-1,		-1,		-1,		-1,		
global_or_not,						-1,		-1,		-1,		-1,		-1,		-1,		-1,		-1,		-1,		-1,		-1,		-1,		-1,		-1,		-1,		-1,		-1,		-1,		-1,		-1,		-1,		-1,		-1,		-1,		-1,		-1,		-1,		-1,		-1,		33,		-1,		-1,		-1,		-1,		-1,		-1,		-1,		-1,		-1,		-1,		-1,		-1,		-1,		-1,		-1,		-1,		-1,		-1,		-1,		-1,		-1,		-1,		-1,		-1,		-1,		-1,		-1,		-1,		-1,		-1,		
otherStmts,						-1,		-1,		-1,		35,		-1,		-1,		-1,		-1,		-1,		-1,		-1,		35,		-1,		-1,		-1,		-1,		-1,		-1,		-1,		-1,		-1,		35,		-1,		-1,		-1,		-1,		-1,		-1,		-1,		-1,		-1,		-1,		-1,		-1,		35,		-1,		-1,		35,		35,		-1,		-1,		-1,		-1,		-1,		35,		-1,		-1,		-1,		-1,		-1,		-1,		-1,		-1,		-1,		-1,		-1,		-1,		-1,		-1,		-1,		
stmt,						-1,		-1,		-1,		37,		-1,		-1,		-1,		-1,		-1,		-1,		-1,		38,		-1,		-1,		-1,		-1,		-1,		-1,		-1,		-1,		-1,		41,		-1,		-1,		-1,		-1,		-1,		-1,		-1,		-1,		-1,		-2,		-1,		-1,		39,		-1,		-2,		40,		40,		-2,		-1,		-1,		-1,		-1,		41,		-1,		-1,		-2,		-1,		-1,		-1,		-1,		-1,		-1,		-1,		-1,		-1,		-1,		-1,		-1,		
assignmentStmt,						-1,		-1,		-1,		42,		-1,		-1,		-1,		-1,		-1,		-1,		-1,		-2,		-1,		-1,		-1,		-1,		-1,		-1,		-1,		-1,		-1,		-2,		-1,		-1,		-1,		-1,		-1,		-1,		-1,		-1,		-1,		-2,		-1,		-1,		-2,		-1,		-2,		-2,		-2,		-2,		-1,		-1,		-1,		-1,		-2,		-1,		-1,		-2,		-1,		-1,		-1,		-1,		-1,		-1,		-1,		-1,		-1,		-1,		-1,		-1,		
singleOrRecId,						-2,		-1,		-1,		43,		-1,		-1,		-1,		-1,		-1,		-1,		-1,		-1,		-1,		-1,		-1,		-1,		-1,		-1,		-1,		-1,		-1,		-1,		-1,		-1,		-1,		-1,		-1,		-1,		-2,		-1,		-1,		-1,		-1,		-2,		-1,		-1,		-1,		-1,		-1,		-1,		-2,		-2,		-2,		-2,		-1,		-1,		-1,		-1,		-1,		-1,		-1,		-2,		-2,		-2,		-2,		-2,		-2,		-1,		-1,		-1,		
option_single_constructed,						-1,		-1,		-1,		-1,		-1,		-1,		-1,		-1,		-1,		-1,		-1,		-1,		-1,		-1,		-1,		-1,		-1,		-1,		-1,		-1,		-1,		-1,		-1,		-1,		-1,		-1,		-1,		-1,		-1,		-1,		44,		-1,		-1,		-1,		-1,		-1,		-1,		-1,		-1,		-1,		-1,		-1,		-1,		-1,		-1,		-1,		-1,		-1,		-1,		-1,		-1,		-1,		-1,		-1,		-1,		-1,		-1,		-1,		-1,		-1,		
oneExpansion,						-2,		-1,		-1,		-1,		-1,		-1,		-1,		-1,		-1,		-1,		-1,		-1,		-1,		-1,		-1,		-1,		-1,		-1,		-1,		-1,		-1,		-1,		-1,		-1,		-1,		-1,		-1,		-1,		-2,		-1,		46,		-1,		-1,		-2,		-1,		-1,		-1,		-1,		-1,		-1,		-2,		-2,		-2,		-2,		-1,		-1,		-1,		-1,		-1,		-1,		-1,		-2,		-2,		-2,		-2,		-2,		-2,		-1,		-1,		-1,		
moreExpansions,						-1,		-1,		-1,		-1,		-1,		-1,		-1,		-1,		-1,		-1,		-1,		-1,		-1,		-1,		-1,		-1,		-1,		-1,		-1,		-1,		-1,		-1,		-1,		-1,		-1,		-1,		-1,		-1,		-1,		-1,		47,		-1,		-1,		-1,		-1,		-1,		-1,		-1,		-1,		-1,		-1,		-1,		-1,		-1,		-1,		-1,		-1,		-1,		-1,		-1,		-1,		-1,		-1,		-1,		-1,		-1,		-1,		-1,		-1,		-1,		
funCallStmt,						-1,		-1,		-1,		-2,		49,		49,		-1,		-1,		-1,		-1,		-1,		-2,		-1,		-1,		-1,		-1,		-1,		-1,		-1,		-1,		-1,		49,		-1,		-1,		-1,		-1,		-1,		-1,		-1,		-1,		-1,		-2,		-1,		-1,		-2,		-1,		-2,		-2,		-2,		-2,		-1,		-1,		-1,		-1,		-1,		-1,		-1,		-2,		-1,		-1,		-1,		-1,		-1,		-1,		-1,		-1,		-1,		-1,		-1,		-1,		
outputParameters,						-1,		-1,		-1,		-1,		-1,		-1,		-1,		-1,		-1,		-1,		-1,		-1,		-1,		-1,		-1,		-1,		-1,		-1,		-1,		-1,		-1,		50,		-1,		-1,		-1,		-1,		-1,		-1,		-1,		-1,		-1,		-1,		-1,		-1,		-1,		-1,		-1,		-1,		-1,		-1,		-1,		-1,		-1,		-1,		-1,		-1,		-1,		-1,		-1,		-1,		-1,		-1,		-1,		-1,		-1,		-1,		-1,		-1,		-1,		-1,		
inputParameters,						-1,		-1,		-1,		-1,		-1,		-1,		-1,		-1,		-1,		-1,		-1,		-1,		-1,		-1,		-1,		-1,		-1,		-1,		-1,		-1,		-1,		52,		-1,		-1,		-1,		-1,		-1,		-1,		-2,		-1,		-1,		-1,		-1,		-1,		-1,		-1,		-1,		-1,		-1,		-1,		-1,		-1,		-1,		-1,		-1,		-1,		-1,		-1,		-1,		-1,		-1,		-1,		-1,		-1,		-1,		-1,		-1,		-1,		-1,		-1,		
iterativeStmt,						-1,		-1,		-1,		-2,		-1,		-1,		-1,		-1,		-1,		-1,		-1,		53,		-1,		-1,		-1,		-1,		-1,		-1,		-1,		-1,		-1,		-2,		-1,		-1,		-1,		-1,		-1,		-1,		-1,		-1,		-1,		-2,		-1,		-1,		-2,		-1,		-2,		-2,		-2,		-2,		-1,		-1,		-1,		-1,		-2,		-1,		-1,		-2,		-1,		-1,		-1,		-1,		-1,		-1,		-1,		-1,		-1,		-1,		-1,		-1,		
conditionalStmt,						-1,		-1,		-1,		-2,		-1,		-1,		-1,		-1,		-1,		-1,		-1,		-2,		-1,		-1,		-1,		-1,		-1,		-1,		-1,		-1,		-1,		-2,		-1,		-1,		-1,		-1,		-1,		-1,		-1,		-1,		-1,		-2,		-1,		-1,		54,		-1,		-2,		-2,		-2,		-2,		-1,		-1,		-1,		-1,		-2,		-1,		-1,		-2,		-1,		-1,		-1,		-1,		-1,		-1,		-1,		-1,		-1,		-1,		-1,		-1,		
elsePart,						-1,		-1,		-1,		-2,		-1,		-1,		-1,		-1,		-1,		-1,		-1,		-2,		-1,		-1,		-1,		-1,		-1,		-1,		-1,		-1,		-1,		-2,		-1,		-1,		-1,		-1,		-1,		-1,		-1,		-1,		-1,		-2,		-1,		-1,		-2,		-1,		56,		-2,		-2,		-2,		-1,		-1,		-1,		-1,		-2,		-1,		-1,		55,		-1,		-1,		-1,		-1,		-1,		-1,		-1,		-1,		-1,		-1,		-1,		-1,		
ioStmt,						-1,		-1,		-1,		-2,		-1,		-1,		-1,		-1,		-1,		-1,		-1,		-2,		-1,		-1,		-1,		-1,		-1,		-1,		-1,		-1,		-1,		-2,		-1,		-1,		-1,		-1,		-1,		-1,		-1,		-1,		-1,		-2,		-1,		-1,		-2,		-1,		-2,		57,		58,		-2,		-1,		-1,		-1,		-1,		-2,		-1,		-1,		-2,		-1,		-1,		-1,		-1,		-1,		-1,		-1,		-1,		-1,		-1,		-1,		-1,		
arithmeticExpression,						-1,		-1,		-1,		59,		59,		59,		-1,		-1,		-1,		-1,		-1,		-1,		-1,		-1,		-1,		-1,		-1,		-1,		-1,		-1,		-1,		-1,		-1,		-1,		-1,		-1,		-1,		-1,		-2,		-1,		-1,		-1,		59,		-2,		-1,		-1,		-1,		-1,		-1,		-1,		-1,		-1,		-1,		-1,		-1,		-1,		-1,		-1,		-1,		-1,		-1,		-1,		-1,		-1,		-1,		-1,		-1,		-1,		-1,		-1,		
expPrime,						-1,		-1,		-1,		-1,		-1,		-1,		-1,		-1,		-1,		-1,		-1,		-1,		-1,		-1,		-1,		-1,		-1,		-1,		-1,		-1,		-1,		-1,		-1,		-1,		-1,		-1,		-1,		-1,		-1,		-1,		-1,		-1,		-1,		-1,		-1,		-1,		-1,		-1,		-1,		-1,		60,		60,		-1,		-1,		-1,		-1,		-1,		-1,		-1,		-1,		-1,		-1,		-1,		-1,		-1,		-1,		-1,		-1,		-1,		-1,		
term,						-1,		-1,		-1,		62,		62,		62,		-1,		-1,		-1,		-1,		-1,		-1,		-1,		-1,		-1,		-1,		-1,		-1,		-1,		-1,		-1,		-1,		-1,		-1,		-1,		-1,		-1,		-1,		-2,		-1,		-1,		-1,		62,		-2,		-1,		-1,		-1,		-1,		-1,		-1,		-2,		-2,		-1,		-1,		-1,		-1,		-1,		-1,		-1,		-1,		-1,		-1,		-1,		-1,		-1,		-1,		-1,		-1,		-1,		-1,		
termPrime,						-1,		-1,		-1,		-1,		-1,		-1,		-1,		-1,		-1,		-1,		-1,		-1,		-1,		-1,		-1,		-1,		-1,		-1,		-1,		-1,		-1,		-1,		-1,		-1,		-1,		-1,		-1,		-1,		-1,		-1,		-1,		-1,		-1,		-1,		-1,		-1,		-1,		-1,		-1,		-1,		-1,		-1,		63,		63,		-1,		-1,		-1,		-1,		-1,		-1,		-1,		-1,		-1,		-1,		-1,		-1,		-1,		-1,		-1,		-1,		
factor,						-1,		-1,		-1,		66,		66,		66,		-1,		-1,		-1,		-1,		-1,		-1,		-1,		-1,		-1,		-1,		-1,		-1,		-1,		-1,		-1,		-1,		-1,		-1,		-1,		-1,		-1,		-1,		-2,		-1,		-1,		-1,		65,		-2,		-1,		-1,		-1,		-1,		-1,		-1,		-2,		-2,		-2,		-2,		-1,		-1,		-1,		-1,		-1,		-1,		-1,		-1,		-1,		-1,		-1,		-1,		-1,		-1,		-1,		-1,		
highPrecedenceOperators,						-1,		-1,		-1,		-2,		-2,		-2,		-1,		-1,		-1,		-1,		-1,		-1,		-1,		-1,		-1,		-1,		-1,		-1,		-1,		-1,		-1,		-1,		-1,		-1,		-1,		-1,		-1,		-1,		-1,		-1,		-1,		-1,		-2,		-1,		-1,		-1,		-1,		-1,		-1,		-1,		-1,		-1,		67,		68,		-1,		-1,		-1,		-1,		-1,		-1,		-1,		-1,		-1,		-1,		-1,		-1,		-1,		-1,		-1,		-1,		
lowPrecedenceOperators,						-1,		-1,		-1,		-2,		-2,		-2,		-1,		-1,		-1,		-1,		-1,		-1,		-1,		-1,		-1,		-1,		-1,		-1,		-1,		-1,		-1,		-1,		-1,		-1,		-1,		-1,		-1,		-1,		-1,		-1,		-1,		-1,		-2,		-1,		-1,		-1,		-1,		-1,		-1,		-1,		69,		70,		-1,		-1,		-1,		-1,		-1,		-1,		-1,		-1,		-1,		-1,		-1,		-1,		-1,		-1,		-1,		-1,		-1,		-1,		
booleanExpression,						-1,		-1,		-1,		72,		72,		72,		-1,		-1,		-1,		-1,		-1,		-1,		-1,		-1,		-1,		-1,		-1,		-1,		-1,		-1,		-1,		-1,		-1,		-1,		-1,		-1,		-1,		-1,		-1,		-1,		-1,		-1,		71,		-2,		-1,		-1,		-1,		-1,		-1,		-1,		-1,		-1,		-1,		-1,		-1,		-1,		-1,		-1,		-1,		-1,		73,		-1,		-1,		-1,		-1,		-1,		-1,		-1,		-1,		-1,		
var,						-1,		-1,		-1,		74,		75,		76,		-1,		-1,		-1,		-1,		-1,		-1,		-1,		-1,		-1,		-1,		-1,		-1,		-1,		-1,		-1,		-1,		-1,		-1,		-1,		-1,		-1,		-1,		-2,		-1,		-1,		-1,		-1,		-2,		-1,		-1,		-1,		-1,		-1,		-1,		-2,		-2,		-2,		-2,		-1,		-1,		-1,		-1,		-1,		-1,		-1,		-2,		-2,		-2,		-2,		-2,		-2,		-1,		-1,		-1,		
logicalOp,						-1,		-1,		-1,		-1,		-1,		-1,		-1,		-1,		-1,		-1,		-1,		-1,		-1,		-1,		-1,		-1,		-1,		-1,		-1,		-1,		-1,		-1,		-1,		-1,		-1,		-1,		-1,		-1,		-1,		-1,		-1,		-1,		-2,		-1,		-1,		-1,		-1,		-1,		-1,		-1,		-1,		-1,		-1,		-1,		-1,		-1,		-1,		-1,		77,		78,		-1,		-1,		-1,		-1,		-1,		-1,		-1,		-1,		-1,		-1,		
relationalOp,						-1,		-1,		-1,		-2,		-2,		-2,		-1,		-1,		-1,		-1,		-1,		-1,		-1,		-1,		-1,		-1,		-1,		-1,		-1,		-1,		-1,		-1,		-1,		-1,		-1,		-1,		-1,		-1,		-1,		-1,		-1,		-1,		-1,		-1,		-1,		-1,		-1,		-1,		-1,		-1,		-1,		-1,		-1,		-1,		-1,		-1,		-1,		-1,		-1,		-1,		-1,		79,		80,		81,		82,		83,		84,		-1,		-1,		-1,		
returnStmt,						-1,		-1,		-1,		-1,		-1,		-1,		-1,		-1,		-1,		-1,		-2,		-1,		-1,		-1,		-1,		-1,		-1,		-1,		-1,		-1,		-1,		-1,		-1,		-1,		-1,		-1,		-1,		-1,		-1,		-1,		-1,		-1,		-1,		-1,		-1,		-1,		-1,		-1,		-1,		85,		-1,		-1,		-1,		-1,		-1,		-1,		-1,		-1,		-1,		-1,		-1,		-1,		-1,		-1,		-1,		-1,		-1,		-1,		-1,		-1,		
optionalReturn,						-1,		-1,		-1,		-1,		-1,		-1,		-1,		-1,		-1,		-1,		-1,		-1,		-1,		-1,		-1,		-1,		-1,		-1,		-1,		-1,		-1,		86,		-1,		-1,		-1,		-1,		-1,		-1,		-1,		-1,		-1,		-1,		-1,		-1,		-1,		-1,		-1,		-1,		-1,		-1,		-1,		-1,		-1,		-1,		-1,		-1,		-1,		-1,		-1,		-1,		-1,		-1,		-1,		-1,		-1,		-1,		-1,		-1,		-1,		-1,		
idList,						-1,		-1,		-1,		88,		-1,		-1,		-1,		-1,		-1,		-1,		-1,		-1,		-1,		-1,		-1,		-1,		-1,		-1,		-1,		-1,		-1,		-1,		-2,		-1,		-1,		-1,		-1,		-1,		-1,		-1,		-1,		-1,		-1,		-1,		-1,		-1,		-1,		-1,		-1,		-1,		-1,		-1,		-1,		-1,		-1,		-1,		-1,		-1,		-1,		-1,		-1,		-1,		-1,		-1,		-1,		-1,		-1,		-1,		-1,		-1,		
more_ids,						-1,		-1,		-1,		-1,		-1,		-1,		-1,		-1,		-1,		-1,		-1,		-1,		-1,		-1,		-1,		-1,		-1,		-1,		-1,		-1,		-1,		-1,		-1,		-1,		-1,		-1,		-1,		89,		-1,		-1,		-1,		-1,		-1,		-1,		-1,		-1,		-1,		-1,		-1,		-1,		-1,		-1,		-1,		-1,		-1,		-1,		-1,		-1,		-1,		-1,		-1,		-1,		-1,		-1,		-1,		-1,		-1,		-1,		-1,		-1,		
definetypestmt,						-1,		-1,		-1,		-2,		-1,		-1,		-1,		-1,		-1,		-1,		-1,		-2,		-2,		-1,		91,		-1,		-2,		-1,		-1,		-1,		-1,		-2,		-1,		-1,		-1,		-1,		-1,		-1,		-1,		-1,		-1,		-1,		-1,		-1,		-2,		-1,		-1,		-2,		-2,		-2,		-1,		-1,		-1,		-1,		-2,		-2,		-1,		-1,		-1,		-1,		-1,		-1,		-1,		-1,		-1,		-1,		-1,		-1,		-1,		-1,		
A,						-1,		-1,		-1,		-1,		-1,		-1,		-1,		-2,		-1,		-1,		-1,		-1,		93,		-1,		-1,		-1,		-1,		-1,		-1,		-1,		-1,		-1,		-1,		-1,		-1,		-1,		-1,		-1,		-1,		-1,		-1,		-1,		-1,		-1,		-1,		-1,		-1,		-1,		-1,		-1,		-1,		-1,		-1,		-1,		-1,		92,		-1,		-1,		-1,		-1,		-1,		-1,		-1,		-1,		-1,		-1,		-1,		-1,		-1,		-1,		
